ISS (ZARYA)             
1 25544U 98067A   12298.30120578  .00023985  00000-0  41003-3 0  5183
2 25544  51.6482 199.9960 0016695 202.7754 254.1869 15.51002442798075
TIANGONG 1              
1 37820U 11053A   12298.19647417  .00042803  00000-0  39832-3 0  2472
2 37820  42.7829 348.9179 0004088 265.6917 195.0863 15.66635793 61517
SOYUZ-TMA 05M           
1 38671U 12037A   12296.54311343  .00022786  00000-0  39118-3 0   735
2 38671  51.6489 208.7176 0016868 195.7720 158.4703 15.50913288 15456
PROGRESS-M 16M          
1 38738U 12042A   12296.54311343  .00022786  00000-0  39118-3 0   555
2 38738  51.6489 208.7176 0016868 195.7720 158.4703 15.50913288 12693
SFERA                   
1 38751U 98067CM  12297.88811666  .00343904  00000-0  23524-2 0   979
2 38751  51.6327 196.6465 0013056 168.1371 192.0031 15.73103181 10006
DRAGON CRS-1            
1 38846U 12054A   12296.54311343  .00022786  00000-0  39118-3 0   277
2 38846  51.6489 208.7176 0016868 195.7720 158.4703 15.50913288  2254
RAIKO                   
1 38852U 98067CN  12297.81950763  .00046993  00000-0  74836-3 0   179
2 38852  51.6456 202.2272 0019000 190.8725 169.1864 15.52588336  2917
FITSAT-1 (NIWAKA)       
1 38853U 98067CP  12297.17451659  .00055485  00000-0  87797-3 0   197
2 38853  51.6485 205.4206 0014737 197.3088 162.7402 15.52775706  2868
TECHEDSAT               
1 38854U 98067CQ  12298.13655710  .00074203  00000-0  11415-2 0   203
2 38854  51.6474 200.5919 0014612 201.1868 158.8522 15.53433388  3011
F-1                     
1 38855U 98067CR  12297.75113938  .00070735  00000-0  10945-2 0   216
2 38855  51.6471 202.5194 0014706 200.4897 159.5530 15.53292335  2846
WE-WISH                 
1 38856U 98067CS  12297.87506790  .00102043  00000-0  15125-2 0   260
2 38856  51.6493 201.8513 0020539 191.0646 168.9934 15.54188869  2867
SOYUZ-TMA 06M           
1 38871U 12058A   12298.27151941 -.00003564  11269-4  00000+0 0    54
2 38871  51.6491 200.5620 0050463 154.6832 300.5546 15.97119072   103
