VO-52 SSB\CW
1 28650U 05017B   12337.98575723  .00001218  00000-0  15370-3 0  2787
2 28650  97.5822   0.5837 0025529 204.0441 155.9579 14.83422077409997
FO-29 SSB\CW
1 24278U 96046B   12337.27252647 -.00000043  00000-0 -49165-5 0  9897
2 24278  98.5850  55.9342 0350174 314.3659  42.9275 13.52992697804687
ARISS
1 25544U 98067A   12353.36957324  .00021167  00000-0  35119-3 0  8553
2 25544  51.6492 286.5749 0017245  58.5053  35.2177 15.51916473806624
SO-50 FM
1 27607U 02058C   12337.73424503  .00000426  00000-0  85746-4 0  9290
2 27607  64.5552 142.0924 0070021 214.0489 145.6122 14.72662625534780
CO-66 \Downlink
1 32791U 08021J   12338.20023990  .00001314  00000-0  16384-3 0  4680
2 32791  97.7796  35.2614 0014481 224.6760 135.3287 14.84023366248803
Soyuz TMA-07M
1 99999X          12354.50087037  .00000000  00000 0  00000 0 0    01
2 99999 051.6600 281.5795 0021250 075.7900 284.4600 16.23797657    07
